mol     nconf  minRMSD refAtoms
1a28        4    0.183       53
1a42       32    0.536       44
1a4g       32    0.402       43
1a4q       34    0.764       55
1a6w       49    0.370       28
1a9u       50    0.572       43
1aaq       31    2.214       89
1acl       14    0.990       56
1acm       54    0.693       22
1aco       28    0.500       15
1aec       30    1.532       55
1ai5       35    0.423       19
1aoe       26    0.694       40
1apt       26    1.708       84
1apu       14    1.744       81
1aqw       25    0.710       36
1ase       29    0.172       25
1atl       59    1.056       47
1azm       37    0.204       18
1b2h       16    1.298       65
1b58       21    1.242       68
1b59       32    0.524       47
1b6h       29    1.373       62
1b7h       32    0.969       65
1b9v       37    0.524       50
1baf       63    0.611       56
1bbp       90    0.850       75
1bgo       34    1.200       65
1bju       21    0.517       34
1bl7       32    0.186       44
1blh       25    0.315       26
1bma       44    1.593       73
1bmq       41    1.328       71
1bto        5    0.402       26
1byb        1    0.000       87
1byg        4    0.168       62
1c12       43    0.263       50
1c5c       29    0.180       32
1c5x       11    0.242       21
1c83       25    0.327       24
1cbs       50    0.363       49
1cbx       47    0.531       25
1cdg       14    0.189       45
1cil       34    0.330       35
1ckp       25    0.336       28
1cle       20    2.508      123
1com       67    0.559       24
1cps       31    0.709       31
1cqp       23    0.993       65
1cvu       44    1.456       53
1cx2       30    0.348       37
1d0l       32    1.296       62
1d3h       33    0.057       28
1d4p       28    0.360       52
1dam        7    0.368       32
1dbb        4    0.227       53
1dd7       68    1.182       60
1dg5       30    0.412       39
1dhf       68    1.159       49
1did       14    0.371       24
1dmp       40    1.862       76
1dog        4    0.063       24
1dr1       31    0.125       28
1dwb        9    0.164       18
1dwc       30    1.556       71
1dwd       39    1.027       69
1dy9       30    1.519       68
1dyr       34    0.354       39
1eap       36    1.033       43
1ebg       13    0.178       12
1ecv       27    0.516       20
1eed       39    2.513      101
1ei1       33    1.145       44
1ejn       20    0.678       53
1eoc        9    0.088       14
1epb       50    0.624       49
1epo       22    2.074       95
1eta       28    0.594       35
1etr       38    1.510       71
1ets       32    1.902       69
1ett       32    1.170       59
1f0r       64    0.897       51
1f0s       76    1.182       46
1f0u       37    0.696       66
1f3d       17    0.267       33
1fax       80    1.029       62
1fcy       36    0.447       54
1fcz       23    0.442       52
1fen       26    0.247       50
1fgi       21    0.207       37
1fkg       28    1.444       68
1fkh       29    1.452       74
1fl3       40    0.566       41
1flr       26    0.375       36
1frb       37    0.381       40
1frp       46    0.756       29
1ftm       28    0.292       22
1g9v       32    0.864       47
1gkc       21    0.732       50
1glp       24    0.854       38
1glq       36    1.158       51
1gm8       37    0.818       41
1gr2       14    0.514       29
1hak       44    0.645       62
1hdc       55    0.337       89
1hef       33    2.385      102
1hfc       29    0.873       51
1hiv       18    2.897      120
1hnn       12    0.092       27
1hos       24    2.879      106
1hp0        9    0.301       33
1hpv       24    2.032       70
1hq2        5    0.117       23
1hri       19    0.526       42
1hsb       30    0.454       39
1hsl       27    0.196       20
1htf       21    1.596       79
1hvj       15    3.601      117
1hvl       13    3.295      106
1hvr       40    1.540       84
1hvy       57    1.398       52
1hwi       46    0.861       55
1hyt       32    0.500       25
1ia1       23    0.178       32
1ia3       50    0.564       42
1ian       10    1.066       42
1ibg       32    0.507       85
1icn       20    0.984       53
1ida       31    2.143      104
1if8       66    0.648       47
1ig3       38    0.462       35
1imb       47    0.184       27
1ivb       27    0.227       24
1ivq       33    2.427       99
1j3j       13    0.336       31
1jap       38    0.562       44
1jd0       31    0.136       18
1jje       31    0.892       41
1jla       28    0.815       51
1k3u       53    0.703       33
1ke5       33    0.294       38
1kel       13    1.130       39
1kzk       31    1.711       78
1l2s       61    0.543       26
1l7f       31    0.790       51
1lah       22    0.440       22
1lcp       19    0.147       22
1ldm       12    0.064        8
1lic        6    1.749       53
1lmo       53    0.497       57
1lna       40    0.618       41
1lpm       37    0.766       52
1lpz       66    0.953       55
1lrh       15    0.153       23
1lst       26    0.738       25
1lyb       16    2.536      110
1lyl        6    0.437       25
1m2z        7    0.173       57
1mcq       56    0.864       40
1mcr       28    0.603       38
1mdr       28    0.199       21
1meh       21    0.471       42
1mld       33    0.284       18
1mmq       43    0.853       68
1mmv       36    0.850       36
1mrk        9    0.418       32
1mts       72    0.675       65
1mtv       29    1.594       65
1mtw       75    1.037       62
1mup       11    0.099       22
1mzc       47    0.233       69
1n1m       25    0.116       31
1n2j       29    0.083       21
1n2v       11    0.133       27
1n46       76    0.530       47
1nav       59    0.471       38
1nco       30    1.312       82
1ngp       28    0.236       20
1nis       57    0.385       18
1of1       24    0.207       34
1of6       14    0.238       24
1okl       10    0.266       30
1okm       35    0.531       35
1opk       61    0.617       45
1oq5       30    0.393       39
1owe       58    0.276       38
1oyt       39    0.473       54
1p2y        8    0.316       27
1p62        3    0.407       29
1pbd        7    0.116       16
1pdz       19    0.118       12
1pgp       45    0.681       27
1phd        6    0.068       19
1phg       49    0.204       31
1pmn       32    0.695       64
1poc       23    1.443       75
1ppc       12    1.150       69
1pph       62    0.803       59
1ppi        1    0.000      109
1pso       28    2.365      110
1ptv       38    0.479       27
1q1g       37    0.453       37
1q4g       41    0.351       30
1qbr       48    2.822       92
1qbu       32    1.725       79
1qcf       21    0.291       40
1qft        7    0.800       18
1qpe       29    1.021       37
1qpq       15    0.440       15
1r1h       33    1.684       55
1r55       14    0.680       51
1r58       46    1.062       45
1r9o       40    0.245       30
1rds       42    1.232       63
1rne        8    2.117      114
1rnt       57    0.494       36
1rob       17    0.286       33
1rt2       52    0.755       51
1s19       55    0.704       70
1s3v       31    0.694       55
1sg0       19    0.204       29
1sj0       46    0.908       63
1slt       15    0.301       51
1sme        7    2.482      110
1snc       47    0.779       37
1sq5       21    0.217       31
1srj        7    0.237       33
1stp       19    0.409       31
1t40       35    0.479       37
1t46       61    1.324       69
1t9b       37    0.387       35
1tdb       46    0.349       32
1tlp       35    1.729       69
1tmn       35    1.635       67
1tng        4    0.110       24
1tnh        8    0.027       18
1tni       10    0.080       27
1tnl        9    0.214       22
1tow       24    0.174       33
1tpp       44    0.512       25
1trk       32    1.316       44
1tt1       43    0.228       29
1tyl        4    0.141       20
1tz8       25    0.296       40
1u1c       65    0.560       36
1ukz       28    0.329       35
1uml       48    0.935       60
1unl       61    0.680       52
1uou       25    0.359       27
1uvs       26    1.139       68
1uvt       45    0.508       49
1v0p       54    1.088       54
1v48       24    0.698       34
1v4s       36    0.804       35
1vcj       26    0.620       52
1w2g       16    0.226       31
1wap       17    0.591       27
1x8x       20    0.180       24
1xid       16    0.091       19
1xie        5    0.064       23
1xm6       69    0.534       38
1xoq       31    0.582       40
1xoz       15    0.190       48
1y6b       93    1.082       59
1ydr       12    0.242       38
1ydt       38    0.663       48
1yee       25    0.887       39
1ygc       50    1.555       67
1yqy       26    0.158       41
1yv3        6    0.215       38
1yvf       63    1.117       43
1ywr       50    1.113       65
1z95       34    0.885       43
25c8       22    0.811       52
2aad       36    0.536       36
2ack       18    0.159       28
2ada        7    0.278       33
2ak3       46    0.406       35
2bm2       64    0.626       60
2br1       65    0.505       50
2bsm       51    0.501       45
2cgr       24    1.539       49
2cht        9    0.379       26
2cmd       48    0.586       18
2ctc       36    0.203       21
2dbl       40    0.612       67
2fox       48    1.056       52
2gbp        7    0.038       24
2h4n       31    0.157       18
2ifb       20    0.802       49
2izg       15    0.321       31
2lgs       43    0.376       18
2mcp       28    0.275       25
2pcp       18    0.137       44
2phh        2    0.042       15
2pk4       19    0.100       22
2plv       22    1.242       59
2qwk       35    0.579       44
2r07       17    0.768       46
2sim       32    0.799       36
2tmn       34    0.580       26
2tsc       54    1.454       56
2yhx       31    0.302       40
2ypi       31    0.251       11
3cla       72    0.912       32
3cpa       23    0.407       30
3erd       29    0.478       40
3ert       29    1.009       59
3gpb       29    0.229       27
3hvt        6    0.160       34
3std       36    0.652       48
3tpi       35    0.596       38
4aah       22    0.239       27
4cox       63    0.239       40
4cts       39    0.446       11
4dfr       63    1.346       54
4est       15    0.967       73
4fbp       28    0.308       35
4lbd       55    0.571       54
4phv       22    2.251       88
5abp        7    0.136       24
5er1       40    1.678       86
5p2p       26    1.504       69
5std       29    1.320       47
6rnt       64    0.337       36
6std       23    0.315       37
7std       28    0.402       38
7tim       25    0.206       14
8gch       34    1.101       44

[NEW v2 3-obj dual-archive] molecules: 329, evaluated: 329
[NEW v2 3-obj dual-archive] mean min-RMSD: 0.732 A   median: 0.536 A
[NEW v2 3-obj dual-archive] min-RMSD <= 1.0 A: 246/329 (74.8%)
[NEW v2 3-obj dual-archive] min-RMSD <= 2.0 A: 311/329 (94.5%)
[NEW v2 3-obj dual-archive] mean conformers/mol: 31.6   total conformers: 10389
