mol     nconf  minRMSD refAtoms
1a28        3    0.179       53
1a42       71    0.485       44
1a4g       85    0.481       43
1a4q       82    0.754       55
1a6w       87    0.300       28
1a9u       75    0.509       43
1aaq       49    1.240       89
1acl       22    0.919       56
1acm      100    0.689       22
1aco       52    0.403       15
1aec      100    1.205       55
1ai5       49    0.211       19
1aoe       28    0.727       40
1apt       49    1.095       84
1apu       65    1.585       81
1aqw       37    0.643       36
1ase       49    0.131       25
1atl      100    0.859       47
1azm       52    0.215       18
1b2h      100    1.259       65
1b58       81    1.700       68
1b59       39    0.155       47
1b6h       64    1.045       62
1b7h      100    1.071       65
1b9v       95    0.809       50
1baf       99    0.489       56
1bbp      100    0.855       75
1bgo       52    1.206       65
1bju       14    0.508       34
1bl7       42    0.317       44
1blh       25    0.189       26
1bma       75    1.141       73
1bmq      100    1.491       71
1bto       12    0.456       26
1byb        1    0.000       87
1byg        4    0.155       62
1c12       99    0.393       50
1c5c       56    0.321       32
1c5x       14    0.251       21
1c83       64    0.298       24
1cbs       64    0.355       49
1cbx       51    0.430       25
1cdg       29    0.222       45
1cil       37    0.266       35
1ckp       32    0.364       28
1cle       52    1.771      123
1com      100    0.279       24
1cps       89    0.325       31
1cqp       99    0.593       65
1cvu       56    1.175       53
1cx2       56    0.267       37
1d0l       88    1.294       62
1d3h       37    0.109       28
1d4p       50    0.254       52
1dam        4    0.264       32
1dbb        4    0.201       53
1dd7      100    0.874       60
1dg5       46    0.412       39
1dhf      100    0.814       49
1did       20    0.311       24
1dmp      100    1.621       76
1dog       11    0.040       24
1dr1       38    0.106       28
1dwb       10    0.143       18
1dwc       91    1.203       71
1dwd       77    0.965       69
1dy9       60    1.598       68
1dyr       68    0.453       39
1eap       75    0.886       43
1ebg       17    0.162       12
1ecv       17    0.688       20
1eed      100    2.087      101
1ei1       68    0.970       44
1ejn       43    0.462       53
1eoc       10    0.088       14
1epb       67    0.498       49
1epo       66    1.529       95
1eta       71    0.627       35
1etr       80    1.105       71
1ets      100    0.981       69
1ett       74    0.972       59
1f0r      100    1.163       51
1f0s      100    1.051       46
1f0u       10    0.744       66
1f3d       40    0.289       33
1fax      100    1.462       62
1fcy       55    0.411       54
1fcz       12    0.503       52
1fen       39    0.343       50
1fgi       25    0.249       37
1fkg       72    1.121       68
1fkh      100    1.056       74
1fl3       65    0.593       41
1flr       23    0.344       36
1frb       48    0.228       40
1frp       51    0.553       29
1ftm       42    0.326       22
1g9v       70    0.564       47
1gkc       45    0.396       50
1glp       71    0.861       38
1glq       65    1.226       51
1gm8       53    0.660       41
1gr2       20    0.456       29
1hak       95    0.718       62
1hdc       90    0.556       89
1hef       43    1.765      102
1hfc       11    1.067       51
1hiv       38    3.086      120
1hnn       12    0.107       27
1hos       74    2.160      106
1hp0       10    0.290       33
1hpv       74    1.440       70
1hq2        8    0.106       23
1hri       21    0.457       42
1hsb       37    0.435       39
1hsl       45    0.202       20
1htf      100    0.857       79
1hvj       59    2.746      117
1hvl       50    2.532      106
1hvr      100    1.521       84
1hvy      100    1.039       52
1hwi       50    0.528       55
1hyt       59    0.390       25
1ia1       28    0.174       32
1ia3       56    0.503       42
1ian       12    0.865       42
1ibg       32    0.382       85
1icn       40    0.972       53
1ida       80    1.708      104
1if8       92    0.413       47
1ig3       56    0.145       35
1imb       32    0.160       27
1ivb       45    0.132       24
1ivq       77    2.489       99
1j3j       12    0.373       31
1jap       77    0.566       44
1jd0       39    0.196       18
1jje       75    1.026       41
1jla       91    0.361       51
1k3u      100    0.616       33
1ke5       46    0.391       38
1kel       38    0.754       39
1kzk      100    1.311       78
1l2s      100    0.643       26
1l7f       57    1.056       51
1lah       36    0.542       22
1lcp       24    0.142       22
1ldm       12    0.061        8
1lic       32    1.166       53
1lmo       91    0.366       57
1lna       97    0.946       41
1lpm       31    0.697       52
1lpz      100    0.937       55
1lrh       13    0.181       23
1lst       24    0.258       25
1lyb      100    2.735      110
1lyl       12    0.374       25
1m2z        8    0.148       57
1mcq      100    0.681       40
1mcr       41    0.266       38
1mdr       33    0.183       21
1meh       60    0.293       42
1mld       98    0.239       18
1mmq       89    0.597       68
1mmv       54    0.383       36
1mrk       13    0.409       32
1mts      100    0.840       65
1mtv       73    0.816       65
1mtw      100    2.295       62
1mup       11    0.091       22
1mzc       87    1.410       69
1n1m       36    0.209       31
1n2j       42    0.101       21
1n2v       23    0.216       27
1n46      100    0.723       47
1nav      100    0.767       38
1nco       51    0.224       82
1ngp       42    0.211       20
1nis       87    0.426       18
1of1       15    0.248       34
1of6       28    0.135       24
1okl       18    0.206       30
1okm       63    0.173       35
1opk      100    0.507       45
1oq5       48    0.389       39
1owe       83    0.221       38
1oyt       41    0.330       54
1p2y       12    0.313       27
1p62        6    0.356       29
1pbd        8    0.116       16
1pdz       19    0.207       12
1pgp       83    0.988       27
1phd        7    0.085       19
1phg       81    0.529       31
1pmn       92    0.540       64
1poc       52    1.708       75
1ppc       60    1.638       69
1pph       97    1.016       59
1ppi        1    0.000      109
1pso       65    2.092      110
1ptv       66    0.273       27
1q1g       21    0.457       37
1q4g       76    0.266       30
1qbr      100    1.695       92
1qbu      100    1.584       79
1qcf       44    0.197       40
1qft       23    0.510       18
1qpe       41    0.976       37
1qpq       19    0.273       15
1r1h       56    1.891       55
1r55       33    0.730       51
1r58       93    0.885       45
1r9o       53    0.199       30
1rds      100    0.866       63
1rne       44    2.212      114
1rnt       99    0.418       36
1rob       27    0.282       33
1rt2       52    1.108       51
1s19       72    0.331       70
1s3v       83    0.839       55
1sg0       17    0.172       29
1sj0       72    0.890       63
1slt       23    0.343       51
1sme       46    1.743      110
1snc       67    0.554       37
1sq5       67    0.435       31
1srj       15    0.174       33
1stp       28    0.311       31
1t40       71    0.685       37
1t46      100    0.795       69
1t9b       52    0.404       35
1tdb       74    0.471       32
1tlp       87    1.091       69
1tmn      100    1.739       67
1tng        4    0.110       24
1tnh        7    0.023       18
1tni       10    0.027       27
1tnl        9    0.214       22
1tow       47    0.136       33
1tpp       90    0.279       25
1trk       51    1.216       44
1tt1       73    0.146       29
1tyl        4    0.140       20
1tz8       37    0.186       40
1u1c      100    0.520       36
1ukz       51    0.538       35
1uml      100    0.876       60
1unl      100    0.232       52
1uou       35    0.318       27
1uvs       91    1.417       68
1uvt       81    0.740       49
1v0p      100    0.776       54
1v48       44    0.646       34
1v4s       69    0.485       35
1vcj       88    0.709       52
1w2g       15    0.182       31
1wap       20    0.624       27
1x8x       35    0.212       24
1xid       17    0.137       19
1xie        5    0.060       23
1xm6      100    0.365       38
1xoq       91    0.470       40
1xoz       15    0.190       48
1y6b      100    1.269       59
1ydr       25    0.222       38
1ydt       93    0.533       48
1yee       59    0.715       39
1ygc       61    0.759       67
1yqy       73    0.222       41
1yv3        9    0.257       38
1yvf      100    1.090       43
1ywr      100    0.851       65
1z95       46    0.807       43
25c8       45    0.387       52
2aad      100    0.484       36
2ack       24    0.128       28
2ada       18    0.307       33
2ak3       60    0.527       35
2bm2      100    0.602       60
2br1       91    0.450       50
2bsm       36    0.336       45
2cgr       27    0.596       49
2cht       11    0.292       26
2cmd      100    0.392       18
2ctc       55    0.229       21
2dbl       46    0.359       67
2fox      100    0.647       52
2gbp        6    0.111       24
2h4n       33    0.174       18
2ifb       23    0.956       49
2izg       15    0.270       31
2lgs       84    0.453       18
2mcp       41    0.203       25
2pcp       33    0.135       44
2phh        2    0.037       15
2pk4       52    0.607       22
2plv       74    0.654       59
2qwk       41    0.244       44
2r07       22    0.407       46
2sim       51    0.506       36
2tmn       61    0.416       26
2tsc       94    0.981       56
2yhx       48    0.352       40
2ypi       41    0.103       11
3cla      100    0.310       32
3cpa       50    0.421       30
3erd       46    0.490       40
3ert       61    0.470       59
3gpb       40    0.402       27
3hvt        6    0.162       34
3std       74    0.791       48
3tpi       78    0.398       38
4aah       23    0.229       27
4cox       93    0.263       40
4cts       45    0.332       11
4dfr      100    1.322       54
4est       63    0.968       73
4fbp       26    0.246       35
4lbd       95    0.221       54
4phv       67    1.967       88
5abp        8    0.134       24
5er1      100    1.579       86
5p2p       61    1.189       69
5std       68    0.980       47
6rnt       87    0.224       36
6std       56    0.489       37
7std       49    0.318       38
7tim       25    0.133       14
8gch      100    0.920       44

[TUNED v2] molecules: 329, evaluated: 329
[TUNED v2] mean min-RMSD: 0.638 A   median: 0.457 A
[TUNED v2] min-RMSD <= 1.0 A: 265/329 (80.5%)
[TUNED v2] min-RMSD <= 2.0 A: 319/329 (97.0%)
[TUNED v2] mean conformers/mol: 56.1   total conformers: 18445
